                    -507.31
404.77
460.32
840.98
          797.03
  -2745.37
   -891.98
-468.62
  63.03
  993.29
 1778.44
 -134.71
          -2510.96
      -616.55
850.45
712.01
198.77
-1131.62
88.07
197.26
-530.08
-843.82
258.29
-166.91
-657.17
220.64
-692.58
657.10
-1042.62
560.25
83.49
2487.14
-8.03
317.35
-1116.22
439.58
871.59
-2338.72
-511.44
508.35
63.56
-699.70
-1134.03
-69.97
497.30
1734.80
-917.07
653.06
-321.97
1373.30
1227.23
-366.84
608.66
-641.73
1699.98
-94.31
-405.51
1099.92
-266.13
1214.79
-884.61
879.62
-423.73
-1308.23
58.74
2359.34
-94.43
-168.22
25.85
-966.04
1382.87
1363.26
-1187.01
1623.08
74.43
50.51
725.42
130.66
67.02
-338.63
-593.18
-208.45
-266.90
996.29
230.17
814.43
-984.04
-98.96
-264.95
-328.92
196.46
-669.17
-134.58
575.67
406.38
523.04
-2121.19
-579.53
530.93
1301.84
-135.49
235.53
56.44
-117.14
-206.42
-386.14
-2085.45
-1554.97
-2.71
-396.24
-1683.49
-2081.08
77.99
-602.32
-830.12
250.17
504.56
-1168.42
-507.60
-287.85
2362.99
-902.92
1145.01
141.26
-205.13
1102.98
805.46
-518.16
1898.32
-401.35
1677.45
955.35
-293.99
-1067.95
1695.99
988.79
-140.45
-703.71
734.84
392.18
-78.61
94.82
93.91
222.38
717.20
629.09
-950.21
276.25
-545.93
11.36
86.75
-438.66
773.65
974.12
537.22
686.63
622.95
2130.56
585.20
627.01
-953.43
434.88
458.04
-509.87
-566.14
660.72
240.58
-144.04
-781.30
-964.05
899.73
1160.36
1049.11
128.44
490.13
-1405.10
-1828.56
510.20
759.17
-550.23
1363.57
803.05
1386.82
-32.35
-233.89
-497.91
-227.26
1943.99
156.25
-200.61
1480.07
1184.97
559.39
2201.82
1160.67
-28.52
1472.68
903.16
-856.62
2093.25
-27.72
-358.77
-881.55
-2460.82
-1398.73
-791.40
2459.51
300.12
0.52
-1659.06
-99.36
163.85
974.84
318.78
468.11
802.09
614.23
-359.49
-2035.92
-695.22
-1293.87
-843.31
-498.73
-132.48
1180.66
-46.94
1046.64
-257.14
-1706.27
853.06
-1044.87
-1144.12
-29.84
-853.45
-384.60
-403.45
253.41
279.12
-304.50
-59.76
373.58
-1141.92
-1066.16
-662.38
893.47
-1270.12
1902.67
753.49
1450.42
-309.66
656.69
394.50
1405.63
488.35
37.48
642.11
549.00
-812.99
673.53
472.11
3104.21
-1103.08
1299.38
390.42
-1617.60
-440.42
-139.10
-836.86
359.22
-82.31
-936.85
-114.13
1336.18
-1516.21
206.10
-623.13
-24.04
-439.51
52.40
143.57
-2832.56
1546.24
1016.96
256.49
-134.27
1169.78
577.38
-276.69
505.49
418.28
-52.71
-1442.26
414.41
-1236.72
-700.42
553.42
-460.35
-561.39
-64.23
-1138.90
-1046.85
1495.47
228.28
-390.59
699.23
-53.27
-105.17
678.84
1310.01
624.82
-1925.22
1879.06
834.58
718.61
1233.72
233.17
993.13
-396.88
-26.06
736.76
-260.11
-2042.29
1717.87
1218.45
-1821.15
-2516.52
1117.02
-1125.72
309.63
845.44
-1327.20
449.60
120.93
1241.95
-71.64
-148.41
1358.43
-1555.29
831.56
316.72
1066.14
860.99
-1811.22
1730.50
-955.68
-132.25
-408.76
93.76
635.16
-525.71
-266.23
-1135.03
202.88
183.71
1114.56
-841.19
1180.47
-513.60
-1302.63
422.51
-11.28
883.44
-362.54
-989.15
-445.90
654.94
1330.19
-1090.63
-902.47
-944.77
-1851.89
1270.51
-205.89
647.47
-2133.85
1657.08
216.23
1022.15
-1470.81
-2787.81
-114.17
936.99
-221.90
521.35
1487.89
-117.92
-1645.38
-51.69
788.41
1003.46
1068.26
-1155.03
117.18
505.78
481.47
80.78
414.61
-54.17
-657.94
-1883.77
629.44
-518.96
1350.35
1151.31
929.52
-605.97
-876.34
-758.61
-63.57
1206.66
-1433.11
1091.09
25.10
-632.75
-87.93
1449.48
569.63
-148.64
2111.24
-58.09
55.43
-226.03
-153.40
923.90
896.98
224.06
-1903.83
-303.03
595.12
10.10
-719.40
706.40
-2056.94
-584.11
-615.94
-998.68
-922.63
-932.54
973.29
-1016.48
-266.53
2857.20
-1072.65
-124.10
632.23
21.78
-58.77
-737.89
869.78
-287.55
-416.17
1105.32
-731.99
1009.00
20.90
-29.75
-1977.41
-605.86
1972.27
-687.90
-1504.21
-553.58
-1430.19
-769.81
197.85
-589.80
278.55
-611.71
-251.28
663.61
891.57
103.40
380.39
407.55
-125.53
797.28
-717.58
-396.67
1830.27
-3012.53
-669.60
-201.83
1104.32
-725.31
-500.63
-199.20
-17.81
397.43
388.60
-259.10
-457.02
-1006.37
669.95
265.06
-930.83
1062.12
-1077.32
-2174.62
1516.18
-277.23
-1090.70
2264.96
1623.79
-1614.72
1520.41
589.73
-862.99
134.43
-1633.44
1419.94
-124.20
-1048.71
1201.48
811.38
732.97
-2761.73
461.34
1233.52
1112.13
-165.37
-68.73
284.02
-25.98
1296.63
-671.77
1717.10
679.89
1248.55
-481.88
-586.06
-484.30
-1194.03
339.10
-1390.14
2613.93
203.43
-262.94
-819.19
-900.26
-355.82
-10.49
2223.31
-2867.09
-261.66
362.12
-2595.11
353.33
-1289.74
452.76
561.83
103.45
-1224.19
327.80
-868.18
-185.63
-621.90
-434.40
375.77
2115.06
-586.52
-124.41
2061.62
2177.21
-117.54
297.61
-261.49
-350.00
-269.56
-1530.21
450.46
-395.61
-206.64
793.42
282.71
-802.78
713.42
-1025.42
1408.26
-2064.35
-1175.64
1078.19
456.17
24.37
609.81
-660.10
-1641.90
1218.04
-1927.56
-1422.61
757.66
1967.44
-104.91
-539.49
-283.47
1486.71
1933.30
-580.18
-1576.00
499.20
-1345.09
-657.46
193.44
558.92
852.55
-311.81
-484.03
-928.02
-2646.46
17.22
1289.34
-172.52
-1063.24
-283.78
-1391.44
254.99
-581.84
389.42
1557.34
-524.11
289.63
-511.48
-1919.58
-876.46
-953.64
569.35
-756.30
714.18
2883.87
-40.35
-531.42
-936.25
-444.04
461.18
165.79
1880.59
-581.33
-604.80
-929.56
-1161.20
-335.42
807.63
654.73
867.88
987.54
-1134.77
-791.94
379.00
917.66
802.97
964.75
456.35
1355.54
377.88
29.37
-410.94
199.46
-759.37
569.27
169.81
593.74
-1291.11
12.48
-413.21
-626.21
584.49
241.49
310.46
-1280.54
-839.69
-1354.63
-412.54
1121.61
-807.46
-1724.66
-838.37
2726.75
185.37
131.19
87.42
-1846.15
829.83
1539.68
622.30
-589.08
14.26
-250.35
597.43
-42.08
-697.33
954.10
330.55
1659.13
1427.80
-1570.48
-961.53
-431.81
-183.94
212.50
523.69
-1291.77
-1012.47
-636.11
-206.31
34.01
388.88
-882.65
25.53
-378.93
-372.83
-38.32
439.79
-2182.52
-700.84
410.31
516.91
-1531.44
1231.98
-459.82
1471.04
420.57
50.74
1992.16
1449.22
-17.53
-630.51
-1474.60
1338.92
182.28
418.66
-406.95
-595.16
-135.36
360.76
239.59
596.26
-1032.22
-771.62
-704.38
-621.87
270.98
-391.61
1953.94
-757.80
1715.02
346.15
1156.70
-1586.04
-537.52
887.97
-1205.73
-1623.39
364.87
802.78
636.89
-1867.99
1053.47
-659.39
-350.32
1670.26
-698.06
-280.56
-465.34
208.25
1243.85
-251.77
419.53
196.43
-638.31
939.15
-997.36
-992.16
-193.09
187.58
-480.66
-1044.23
-29.18
-1295.44
1246.54
255.62
704.78
-714.09
41.58
687.58
-1835.09
-489.57
-1269.42
-1111.57
300.42
-551.00
-1237.89
697.81
830.52
-924.95
-524.47
913.37
-1509.79
-1060.12
1626.55
-524.75
-419.45
460.23
-733.54
-1189.14
165.39
-1036.22
1639.21
1490.81
2254.27
93.04
1662.46
685.22
-1254.23
157.07
172.26
516.82
-57.67
56.94
-1360.54
342.11
-424.33
-307.40
-480.21
-58.51
-1515.61
-149.97
2745.72
-515.24
1191.55
902.65
-239.24
-481.19
1461.68
-2642.26
-711.57
348.19
-1358.52
1385.09
-163.67
129.11
-102.75
17.89
-810.31
1331.59
-1982.26
-385.11
-809.54
-1741.46
1165.75
2621.78
-759.79
-74.30
-1083.82
582.45
-85.70
-127.22
80.60
-84.19
232.46
-1105.08
-4.29
-1087.79
-710.50
-819.06
-123.22
-35.25
128.26
874.01
600.13
-1286.03
1367.67
579.10
-1320.98
-1308.46
1201.91
1333.43
438.60
-544.10
1089.38
489.97
1100.18
999.28
1482.24
-36.53
137.03
-160.86
638.58
-462.02
2156.29
-107.26
-37.76
-1620.80
-463.68
410.57
455.91
567.95
-1369.62
270.40
-69.99
-166.81
-881.28
469.17
655.45
-438.18
-2360.68
693.14
-269.08
-2101.68
44.46
-607.74
-1954.19
-21.32
-793.32
554.64
-764.52
-886.80
355.99
262.62
-774.14
-1035.53
1595.71
-431.39
-548.91
-607.49
920.96
-28.85
-1297.37
1566.62
754.77
470.47
258.46
-644.51
1003.36
-1619.35
919.36
722.59
-1520.29
22.85
181.31
418.82
-2097.42
-738.06
-190.94
1057.35
-339.09
-368.27
871.97
63.82
-619.45
624.92
-196.85
-1184.67
598.85
2428.39
1081.63
552.80
-396.95
1485.91
-1695.89
-75.90
412.26
115.57
-196.39
124.81
-22.86
-451.66
655.81
-911.84
-2626.71
1467.89
777.38
1786.23
402.21
-891.07
1709.02
827.11
293.84
-258.35
-1144.66
313.79
715.93
-1450.97
-2.04
147.12
936.32
-868.44
-152.17
-409.71
-555.09
1412.00
-192.26
112.57
-501.33
769.69
1528.61
256.83
1589.89
273.34
1163.56
-100.59
-279.66
1373.87
2128.27
1362.70
-1180.42
-615.05
2180.95
540.15
2851.49
867.92
1308.40
-277.98
623.33
190.73
156.42
1208.28
1059.67
386.88
-679.89
801.36
772.12
278.65
576.20
-832.17
937.49
1347.39
-1016.06
-155.76
121.06
2060.08
563.35
-68.95
-2119.07
579.91
-873.68
-1667.77
628.47
212.65
7.41
-969.20
843.09
905.15
1822.95
309.96
-149.41
-1541.03
528.67
-694.82
-67.80
-113.91
-3190.31
-2962.30
274.98
-941.26
884.39
-1355.71
-1217.27
596.32
-396.95
26.28
-406.29
1323.29
1331.03
363.13
-493.09
1462.19
18.73
-199.12
