         -187.96
   -324.58
  -1032.52
  -1229.84
   -286.60
   1164.37
   1308.65
   -560.12
   -897.46
      -222.64
    635.04
  -238.31
    -55.23
  -1141.17
    189.55
    -1084.36
   -455.06
  -1056.38
   -252.05
     17.68
   -100.06
   -700.76
    960.37
  -2802.54
    729.81
   -199.86
    521.59
    624.39
    319.13
   -249.49
   -375.20
  -2398.22
    284.41
    -67.42
  -2412.67
   -170.88
    967.18
    -38.28
    988.58
   -631.76
    889.14
   1081.04
    885.98
   -665.98
    916.04
    -55.31
  -1433.25
    428.85
  -1189.61
    183.68
    474.43
    917.86
    -15.51
  -1053.72
     88.49
   1279.05
    820.53
   1493.97
   1380.69
   -592.84
  -1092.37
    389.36
   -254.05
  -1066.04
    630.62
   -526.99
   -257.48
    810.38
    303.18
  -1366.70
  -1027.74
   -144.83
   1049.01
   -266.91
   -757.36
    474.51
  -1797.91
    -47.05
   1689.63
    925.52
   -814.56
  -1574.35
   -263.71
  -2886.60
   -878.03
   -263.97
  -1765.63
   -113.00
    431.85
   -585.80
    227.80
   -869.06
    207.69
  -1480.25
    -54.15
   -645.32
   1165.00
   1132.68
   1066.79
    -11.45
    581.96
   1451.40
   1588.47
    499.64
    942.26
  -1798.50
    289.73
  -1010.51
    478.59
   -418.26
  -1044.92
   1757.71
    -27.20
   -879.33
     59.23
   -957.90
   1144.13
    436.17
   -219.78
    955.65
   -479.17
   1488.54
    937.75
    150.49
    472.90
    606.70
   -491.44
   -240.65
   1733.33
   1196.21
   2193.49
    292.28
   1964.50
  -1561.89
   -508.53
    181.47
  -1240.88
   -647.45
    644.21
  -1422.03
    -23.61
  -1881.35
   1548.41
  -1380.25
   -553.05
    150.97
  -1049.69
   -255.91
    343.49
  -1141.67
    377.11
   1150.06
     76.60
  -1206.84
   1276.08
   -786.29
    773.82
   1368.70
   2137.66
  -1525.70
    343.32
   -467.69
    810.31
   -410.99
   -805.63
   -558.20
    -48.95
    855.52
  -1014.94
    698.27
    650.33
    714.43
    482.79
    565.61
   -462.40
   -694.11
    448.81
   2243.76
    531.71
    391.20
    687.22
   -455.02
   -541.73
    540.06
   -203.65
   1299.21
    451.06
   1170.43
  -1658.27
   -573.00
   -863.29
    433.93
  -1055.33
  -1789.16
   1244.42
    618.19
   -430.82
     85.99
   -795.43
    694.55
  -1264.70
    387.03
   -694.05
   2077.34
   -195.77
  -1227.69
   -247.03
   -123.40
    379.38
   1837.53
    262.36
   -732.65
  -1468.02
    334.41
   -528.50
   -213.15
    134.04
    974.76
   -480.70
   -437.74
   -599.92
     27.85
   -328.40
   1413.67
   -367.49
    949.89
   -955.30
   -459.29
    353.59
  -1518.31
   -456.42
   -624.43
   1728.13
  -2731.15
   -748.28
   1732.18
   1609.88
   1198.76
   -668.72
  -1785.19
  -2252.51
   -236.69
      8.52
  -1116.15
    855.21
  -1662.63
  3523.46
  -1919.67
     97.87
   -329.15
   -371.34
   -595.82
   1340.56
   -641.23
  -1430.78
   1139.91
  -1309.64
    505.24
   1790.39
  -1289.57
   -685.26
    537.01
   1735.02
  -1012.32
    497.78
   -487.34
     45.58
    907.26
   -843.31
    688.31
   1549.66
   1044.84
   1172.52
   1361.91
   -225.79
   -208.71
   1304.34
    987.39
  -1532.96
   -386.26
  -1234.62
    867.14
     36.28
    380.99
      7.13
    167.03
   -869.48
  -1752.44
    140.48
    739.96
   -126.66
    -28.98
   -345.87
    186.41
   -410.80
    195.10
    767.65
   -823.25
  -1203.95
    364.60
  -1845.32
    507.69
   -563.50
  -1192.64
   1230.48
    907.35
    805.30
   -184.02
    595.28
   -748.82
   -301.60
    187.25
   1074.89
   1409.13
  -1715.58
    -99.97
     23.06
    693.21
    429.10
   -166.99
    -49.07
     13.24
   1222.99
   1162.96
   -712.35
   -674.60
  -1490.45
   -603.96
    108.24
  -1146.88
   -496.49
  -2327.82
   1259.63
    829.64
    172.26
     43.38
   -806.99
    -51.82
    369.98
  -1414.00
  -1303.27
   1376.36
   -781.75
   -859.55
  -1106.69
   1492.18
   2318.25
    -16.68
   -178.37
    197.34
   1023.99
   1223.72
   1046.81
  -1551.58
    387.94
   -715.34
  -1461.74
     15.26
   -527.16
   -762.10
    990.00
   -153.72
    282.79
   -848.35
   -557.75
   2351.72
    210.36
   -833.74
  -1019.38
    -76.91
    677.60
  -1431.32
   -151.87
   1278.86
    665.37
    505.54
    546.06
   -257.57
  -2865.92
   1810.28
    609.91
      7.48
   1384.33
   2147.46
   -436.84
  -1359.27
   1741.21
   -594.54
  -1540.53
    511.28
   -780.18
    826.10
   -334.07
   -942.56
   -748.61
    180.85
    199.60
    463.61
     69.12
    578.21
   1083.03
    141.33
    243.57
    235.27
  -1099.34
   -389.01
    -75.67
    937.96
   -605.81
    320.64
    785.38
   1207.47
   1591.29
  -1121.23
  -1727.59
   -130.78
     60.19
   1149.54
    259.61
    852.87
    671.57
   -343.71
   -850.46
    409.30
     96.83
    599.94
     32.20
    361.67
    -37.74
    730.23
    804.33
     95.11
   -860.07
   1024.47
    -75.65
    303.42
    205.01
    609.98
    681.04
    828.65
   2287.07
   -815.72
  -1501.84
   -873.85
    683.42
    201.34
    199.38
   1263.86
   -552.77
   1671.85
   -206.87
    130.79
    733.50
    741.16
  -1325.58
    536.62
    594.96
   -275.89
    -80.56
    715.63
   1361.94
    -28.23
  -1917.77
   -159.15
    807.66
   1167.29
    712.06
   -124.22
   -471.34
   -211.96
    174.11
   1034.89
    270.70
   -561.87
  -1892.39
    589.56
  -1715.76
   -954.03
   1161.34
     75.04
    327.82
   -111.10
   -295.02
    716.77
  -2005.79
   1024.04
   -925.98
    719.35
   -557.32
   1124.01
    687.28
   -268.81
   2307.74
   1482.29
  -1074.11
    900.17
   -518.41
    287.90
    819.25
    839.88
   1101.68
   1749.02
    -24.51
   -563.28
   -673.27
  -1142.83
    889.15
   -241.70
  -1109.26
   -555.02
   -641.54
   -680.22
   -811.40
   -924.23
    121.32
   1058.55
    154.90
   -104.93
  -2783.23
    -77.53
    167.39
   -895.48
   1466.96
   -971.86
    202.99
    623.43
     85.01
   -298.86
    431.49
    337.70
    203.92
  -2883.39
   -115.88
    479.70
  -1056.48
  -1563.70
   1840.56
  -1345.00
  -1409.86
   1518.49
   -104.58
    581.14
   -468.20
    425.70
  -3411.29
  -1044.68
    326.38
   -263.78
   -582.49
   -172.50
    451.29
   1104.55
     90.66
     38.02
  -2076.81
    148.79
    767.95
   2637.69
    969.91
    630.35
   -376.57
   -999.28
    394.11
    326.70
   -442.50
   2483.55
    229.97
   2063.02
    589.74
    988.20
   1989.22
    232.12
    509.54
   -471.94
    687.26
  -1405.87
    514.78
   -138.43
  -1107.58
    252.33
   2606.69
   -965.21
    517.01
   1397.11
  -1579.88
   -100.35
   -283.04
  -1376.12
   2812.49
    418.35
   -637.61
    132.77
    853.05
  -1203.69
  -2150.01
  -2683.38
   -164.56
   -492.30
    477.97
    561.59
    -83.96
   -625.29
  -1044.80
   1006.57
   -482.25
    131.81
   -227.50
    435.73
   -193.85
  -1703.43
   -495.96
    654.65
   -311.17
    616.56
   1004.62
    -69.12
   -426.71
  -1515.65
   -860.18
    -49.89
   -257.61
  -1567.06
  -1649.93
     -2.14
   2061.93
   -346.04
  -1085.33
   1056.78
   1013.77
   -330.23
    541.29
   2074.74
   -197.51
    511.61
   1230.38
  -1338.53
   1692.03
   -990.54
    989.30
    290.09
  -1193.72
   -830.89
  -1943.37
  -1395.75
   1566.71
   1882.03
   -908.82
    377.87
     40.57
    -74.97
   -221.42
   -663.99
  -1030.38
   1035.63
   1635.27
  -1914.86
   -461.85
   -306.12
  -1137.32
   1701.34
   1254.55
    483.22
    420.72
  -1776.33
   -394.95
   -188.79
   -716.90
   -479.37
  -1960.87
  -1228.93
    -32.67
   2199.32
    -26.34
    848.74
   -364.86
   -736.17
   2366.77
    516.48
    503.35
   -605.83
      0.85
   -728.37
    350.99
   -434.75
  -1426.99
   -434.08
     54.38
   -912.12
    503.68
   1572.65
    806.19
   1222.80
   -109.19
   -828.61
   -180.11
   1461.24
    459.54
    902.91
   1646.83
  -1120.42
    912.70
    984.65
    417.34
    721.01
    311.39
    153.90
   -410.90
   -961.21
    835.62
   -605.03
  -1231.95
  -1327.03
  -1895.42
   -450.58
    957.19
    278.74
  -1577.70
    743.56
    937.39
   -341.58
    863.28
    671.28
    -94.57
   2780.55
     82.57
   -187.74
    -38.62
   1016.67
     23.91
  -2112.19
   -577.46
    116.17
   1175.19
   -618.08
    225.17
   1613.83
   -306.89
   -462.20
   -369.66
     30.62
  -1575.36
   -459.02
    551.62
   -119.99
     97.91
   -423.12
    652.30
   1098.04
  -1754.56
   1046.45
    387.90
  -1319.14
    231.70
    164.45
   1813.73
  -1949.34
  -1143.97
   -663.09
    478.65
    946.35
  -2966.46
   1644.16
     36.17
   -767.07
   -127.32
   -309.87
   -289.83
     48.45
   1473.89
    572.55
   1081.10
    -37.98
   1580.90
    915.63
   -633.89
   1462.00
    105.41
    565.81
   -573.99
  -1876.33
    892.48
  -1689.98
    281.38
    270.39
   1263.09
    197.72
   -465.65
   -133.06
  -3084.33
    232.73
   1895.86
     39.15
   -780.18
    252.09
   1028.43
   -420.45
   -183.38
   -182.97
    413.67
  -1204.21
    813.38
   -302.16
   3070.78
     78.43
   2237.61
   -180.54
  -1269.92
   1176.37
   -551.12
   -883.20
   -261.02
   -254.88
    150.20
   1049.14
   -742.12
   1102.85
    575.36
   1937.86
   -127.46
   -670.52
    400.36
    465.20
   -974.56
    464.81
